0 0 5.11242e-10 3.19549e-09 3.19549e-09 1
0 0.578947 1.56114e-09 1.71309e-08 1.71309e-08 1
0 1.15789 2.88828e-09 2.9051e-08 2.9051e-08 1
0 1.73684 3.81415e-09 3.77307e-08 3.77306e-08 1
0 2.31579 4.12503e-09 4.11182e-08 4.11182e-08 1
0 2.89474 4.14866e-09 4.16217e-08 4.16217e-08 1
0 3.47368 4.11496e-09 4.13733e-08 4.13733e-08 1
0 4.05263 4.09225e-09 4.11534e-08 4.11534e-08 1
0 4.63158 4.0842e-09 4.10647e-08 4.10646e-08 1
0 5.21053 4.08302e-09 4.10473e-08 4.10473e-08 1
0 5.78947 4.08361e-09 4.10513e-08 4.10513e-08 1
0 6.36842 4.0843e-09 4.10573e-08 4.10566e-08 1
0 6.94737 4.09177e-09 4.1106e-08 4.10778e-08 1
0 7.52632 4.32811e-09 4.26717e-08 4.16823e-08 1
0 8.10526 1.52368e-08 9.18332e-08 5.83387e-08 1
0 8.68421 3.60739e-06 1.93101e-06 7.39216e-07 0.999994
0 9.26316 0.0024306 0.000454291 0.000306969 0.996808
0 9.84211 0.167891 0.387878 0.371611 0.072619
0 10.4211 0.537935 0.281541 0.160694 0.0198267
0 11 0.275595 0.327192 0.394884 0.00232858
0.263158 0 6.23988e-10 4.08952e-09 4.08952e-09 1
0.263158 0.578947 1.91495e-09 2.17023e-08 2.17023e-08 1
0.263158 1.15789 3.53816e-09 3.68335e-08 3.68335e-08 1
0.263158 1.73684 4.67103e-09 4.78405e-08 4.78405e-08 1
0.263158 2.31579 5.05208e-09 5.21285e-08 5.21285e-08 1
0.263158 2.89474 5.08137e-09 5.27619e-08 5.27619e-08 1
0.263158 3.47368 5.04021e-09 5.24454e-08 5.24454e-08 1
0.263158 4.05263 5.01238e-09 5.21664e-08 5.21664e-08 1
0.263158 4.63158 5.00251e-09 5.20539e-08 5.20539e-08 1
0.263158 5.21053 5.00105e-09 5.2032e-08 5.2032e-08 1
0.263158 5.78947 5.00177e-09 5.20372e-08 5.20371e-08 1
0.263158 6.36842 5.00262e-09 5.20448e-08 5.20438e-08 1
0.263158 6.94737 5.01173e-09 5.2106e-08 5.20705e-08 1
0.263158 7.52632 5.29975e-09 5.40757e-08 5.28306e-08 1
0.263158 8.10526 1.86806e-08 1.1586e-07 7.37411e-08 1
0.263158 8.68421 4.48361e-06 2.4092e-06 9.14687e-07 0.999992
0.263158 9.26316 0.00289028 0.000523604 0.000348578 0.996238
0.263158 9.84211 0.169727 0.392731 0.372817 0.0647229
0.263158 10.4211 0.546608 0.279283 0.157064 0.0170419
0.263158 11 0.284696 0.325805 0.387446 0.00205138
0.526316 0 6.97081e-10 4.69517e-09 4.69517e-09 1
0.526316 0.578947 2.15368e-09 2.48858e-08 2.48858e-08 1
0.526316 1.15789 3.97533e-09 4.22377e-08 4.22377e-08 1
0.526316 1.73684 5.24693e-09 5.48586e-08 5.48585e-08 1
0.526316 2.31579 5.67556e-09 5.97741e-08 5.97741e-08 1
0.526316 2.89474 5.709e-09 6.04996e-08 6.04996e-08 1
0.526316 3.47368 5.66293e-09 6.01363e-08 6.01363e-08 1
0.526316 4.05263 5.63168e-09 5.98163e-08 5.98163e-08 1
0.526316 4.63158 5.62056e-09 5.96873e-08 5.96873e-08 1
0.526316 5.21053 5.61892e-09 5.96623e-08 5.96623e-08 1
0.526316 5.78947 5.61972e-09 5.96682e-08 5.96681e-08 1
0.526316 6.36842 5.62067e-09 5.96769e-08 5.96758e-08 1
0.526316 6.94737 5.63079e-09 5.97465e-08 5.9706e-08 1
0.526316 7.52632 5.94953e-09 6.1985e-08 6.05671e-08 1
0.526316 8.10526 2.06409e-08 1.32011e-07 8.41503e-08 1
0.526316 8.68421 4.84873e-06 2.69235e-06 1.00302e-06 0.999991
0.526316 9.26316 0.00303518 0.000546303 0.000357278 0.996061
0.526316 9.84211 0.16727 0.395436 0.374747 0.0625446
0.526316 10.4211 0.559841 0.275497 0.14806 0.0166021
0.526316 11 0.296316 0.325136 0.376495 0.0020519
0.789474 0 7.46409e-10 5.05955e-09 5.05955e-09 1
0.789474 0.578947 2.31578e-09 2.68492e-08 2.68492e-08 1
0.789474 1.15789 4.27207e-09 4.55651e-08 4.55651e-08 1
0.789474 1.73684 5.63784e-09 5.91788e-08 5.91788e-08 1
0.789474 2.31579 6.09883e-09 6.44824e-08 6.44824e-08 1
0.789474 2.89474 6.13514e-09 6.52657e-08 6.52657e-08 1
0.789474 3.47368 6.08576e-09 6.48741e-08 6.48741e-08 1
0.789474 4.05263 6.05218e-09 6.45288e-08 6.45288e-08 1
0.789474 4.63158 6.04022e-09 6.43897e-08 6.43897e-08 1
0.789474 5.21053 6.03844e-09 6.43627e-08 6.43627e-08 1
0.789474 5.78947 6.0393e-09 6.4369e-08 6.4369e-08 1
0.789474 6.36842 6.04033e-09 6.43784e-08 6.43772e-08 1
0.789474 6.94737 6.05105e-09 6.44529e-08 6.44095e-08 1
0.789474 7.52632 6.38759e-09 6.68423e-08 6.53244e-08 1
0.789474 8.10526 2.17332e-08 1.4137e-07 9.02639e-08 1
0.789474 8.68421 4.96329e-06 2.83518e-06 1.04039e-06 0.999991
0.789474 9.26316 0.00304457 0.000552284 0.000357423 0.996046
0.789474 9.84211 0.163905 0.396825 0.377334 0.0619334
0.789474 10.4211 0.570118 0.272434 0.140412 0.0170425
0.789474 11 0.30297 0.324941 0.369951 0.00213755
1.05263 0 7.80503e-10 5.2674e-09 5.2674e-09 1
1.05263 0.578947 2.42664e-09 2.79943e-08 2.79943e-08 1
1.05263 1.15789 4.47527e-09 4.75026e-08 4.75026e-08 1
1.05263 1.73684 5.90563e-09 6.16943e-08 6.16943e-08 1
1.05263 2.31579 6.38876e-09 6.72248e-08 6.72248e-08 1
1.05263 2.89474 6.427e-09 6.80425e-08 6.80425e-08 1
1.05263 3.47368 6.37533e-09 6.76346e-08 6.76345e-08 1
1.05263 4.05263 6.34016e-09 6.72747e-08 6.72747e-08 1
1.05263 4.63158 6.32764e-09 6.71296e-08 6.71296e-08 1
1.05263 5.21053 6.32577e-09 6.71014e-08 6.71014e-08 1
1.05263 5.78947 6.32666e-09 6.71081e-08 6.7108e-08 1
1.05263 6.36842 6.32773e-09 6.71178e-08 6.71166e-08 1
1.05263 6.94737 6.33883e-09 6.71949e-08 6.71498e-08 1
1.05263 7.52632 6.686e-09 6.96612e-08 6.80887e-08 1
1.05263 8.10526 2.23658e-08 1.46415e-07 9.35802e-08 1
1.05263 8.68421 4.98166e-06 2.90326e-06 1.05395e-06 0.999991
1.05263 9.26316 0.00302449 0.000554847 0.000357118 0.996064
1.05263 9.84211 0.161091 0.397776 0.379587 0.0615424
1.05263 10.4211 0.574062 0.271361 0.13703 0.0175565
1.05263 11 0.300659 0.325002 0.372149 0.00218871
1.31579 0 8.03495e-10 5.38488e-09 5.38488e-09 1
1.31579 0.578947 2.5011e-09 2.86493e-08 2.86493e-08 1
1.31579 1.15789 4.61187e-09 4.86102e-08 4.86102e-08 1
1.31579 1.73684 6.08568e-09 6.31324e-08 6.31324e-08 1
1.31579 2.31579 6.58369e-09 6.87929e-08 6.87929e-08 1
1.31579 2.89474 6.62322e-09 6.96305e-08 6.96305e-08 1
1.31579 3.47368 6.57002e-09 6.92133e-08 6.92133e-08 1
1.31579 4.05263 6.53378e-09 6.88451e-08 6.88451e-08 1
1.31579 4.63158 6.52087e-09 6.86967e-08 6.86967e-08 1
1.31579 5.21053 6.51894e-09 6.86678e-08 6.86678e-08 1
1.31579 5.78947 6.51986e-09 6.86746e-08 6.86745e-08 1
1.31579 6.36842 6.52096e-09 6.86845e-08 6.86833e-08 1
1.31579 6.94737 6.5323e-09 6.87629e-08 6.87169e-08 1
1.31579 7.52632 6.88626e-09 7.1268e-08 6.9664e-08 1
1.31579 8.10526 2.27665e-08 1.49127e-07 9.53047e-08 1
1.31579 8.68421 4.98159e-06 2.93864e-06 1.05766e-06 0.999991
1.31579 9.26316 0.00301338 0.00055756 0.000357494 0.996072
1.31579 9.84211 0.159281 0.398699 0.380895 0.0611214
1.31579 10.4211 0.572419 0.27219 0.137633 0.017769
1.31579 11 0.291585 0.32508 0.381172 0.00216164
1.57895 0 8.18121e-10 5.45171e-09 5.45171e-09 1
1.57895 0.578947 2.54891e-09 2.90242e-08 2.90242e-08 1
1.57895 1.15789 4.69951e-09 4.92438e-08 4.92438e-08 1
1.57895 1.73684 6.20119e-09 6.39551e-08 6.39551e-08 1
1.57895 2.31579 6.70876e-09 6.96901e-08 6.96901e-08 1
1.57895 2.89474 6.74914e-09 7.05392e-08 7.05392e-08 1
1.57895 3.47368 6.69496e-09 7.01168e-08 7.01168e-08 1
1.57895 4.05263 6.65804e-09 6.97438e-08 6.97438e-08 1
1.57895 4.63158 6.64488e-09 6.95934e-08 6.95934e-08 1
1.57895 5.21053 6.64291e-09 6.95642e-08 6.95642e-08 1
1.57895 5.78947 6.64385e-09 6.9571e-08 6.9571e-08 1
1.57895 6.36842 6.64497e-09 6.95811e-08 6.95798e-08 1
1.57895 6.94737 6.65646e-09 6.96602e-08 6.96135e-08 1
1.57895 7.52632 7.01502e-09 7.21869e-08 7.05619e-08 1
1.57895 8.10526 2.30393e-08 1.50688e-07 9.61882e-08 1
1.57895 8.68421 4.98772e-06 2.96179e-06 1.0578e-06 0.999991
1.57895 9.26316 0.00301503 0.000560643 0.000358084 0.996067
1.57895 9.84211 0.158447 0.399649 0.381152 0.0607483
1.57895 10.4211 0.567763 0.274086 0.140518 0.0176394
1.57895 11 0.281396 0.325136 0.391388 0.00208115
1.84211 0 8.26742e-10 5.48941e-09 5.48941e-09 1
1.84211 0.578947 2.57767e-09 2.92376e-08 2.92376e-08 1
1.84211 1.15789 4.75212e-09 4.96043e-08 4.96043e-08 1
1.84211 1.73684 6.27049e-09 6.44231e-08 6.4423e-08 1
1.84211 2.31579 6.78383e-09 7.02005e-08 7.02005e-08 1
1.84211 2.89474 6.82474e-09 7.10561e-08 7.10561e-08 1
1.84211 3.47368 6.76998e-09 7.06308e-08 7.06308e-08 1
1.84211 4.05263 6.73265e-09 7.02551e-08 7.02551e-08 1
1.84211 4.63158 6.71934e-09 7.01036e-08 7.01036e-08 1
1.84211 5.21053 6.71735e-09 7.00741e-08 7.00741e-08 1
1.84211 5.78947 6.7183e-09 7.0081e-08 7.0081e-08 1
1.84211 6.36842 6.71943e-09 7.00912e-08 7.00899e-08 1
1.84211 6.94737 6.73102e-09 7.01708e-08 7.01236e-08 1
1.84211 7.52632 7.09273e-09 7.27118e-08 7.10708e-08 1
1.84211 8.10526 2.32255e-08 1.51666e-07 9.66335e-08 1
1.84211 8.68421 4.99952e-06 2.9797e-06 1.0567e-06 0.999991
1.84211 9.26316 0.00302257 0.000563486 0.00035839 0.996056
1.84211 9.84211 0.158355 0.400544 0.380576 0.0605216
1.84211 10.4211 0.562872 0.276085 0.143718 0.0173214
1.84211 11 0.274926 0.325379 0.3977 0.00199772
2.10526 0 8.31386e-10 5.50975e-09 5.50975e-09 1
2.10526 0.578947 2.59359e-09 2.93547e-08 2.93547e-08 1
2.10526 1.15789 4.78119e-09 4.98018e-08 4.98018e-08 1
2.10526 1.73684 6.30875e-09 6.46793e-08 6.46793e-08 1
2.10526 2.31579 6.8253e-09 7.04801e-08 7.04801e-08 1
2.10526 2.89474 6.86651e-09 7.13394e-08 7.13394e-08 1
2.10526 3.47368 6.81144e-09 7.09124e-08 7.09124e-08 1
2.10526 4.05263 6.77389e-09 7.05353e-08 7.05353e-08 1
2.10526 4.63158 6.76049e-09 7.03832e-08 7.03832e-08 1
2.10526 5.21053 6.75849e-09 7.03536e-08 7.03536e-08 1
2.10526 5.78947 6.75944e-09 7.03605e-08 7.03605e-08 1
2.10526 6.36842 6.76058e-09 7.03707e-08 7.03694e-08 1
2.10526 6.94737 6.77224e-09 7.04506e-08 7.04031e-08 1
2.10526 7.52632 7.13598e-09 7.30019e-08 7.13484e-08 1
2.10526 8.10526 2.33433e-08 1.52297e-07 9.68428e-08 1
2.10526 8.68421 5.01032e-06 2.99336e-06 1.05509e-06 0.999991
2.10526 9.26316 0.00302943 0.000565574 0.000358206 0.996047
2.10526 9.84211 0.158727 0.401293 0.379503 0.0604752
2.10526 10.4211 0.559754 0.277484 0.145743 0.0170062
2.10526 11 0.274029 0.325914 0.39811 0.00194801
2.36842 0 8.33608e-10 5.51954e-09 5.51954e-09 1
2.36842 0.578947 2.60146e-09 2.94123e-08 2.94123e-08 1
2.36842 1.15789 4.79549e-09 4.98988e-08 4.98988e-08 1
2.36842 1.73684 6.32756e-09 6.48052e-08 6.48052e-08 1
2.36842 2.31579 6.8457e-09 7.06175e-08 7.06175e-08 1
2.36842 2.89474 6.88708e-09 7.14785e-08 7.14785e-08 1
2.36842 3.47368 6.83185e-09 7.10508e-08 7.10508e-08 1
2.36842 4.05263 6.79419e-09 7.06729e-08 7.06729e-08 1
2.36842 4.63158 6.78075e-09 7.05205e-08 7.05205e-08 1
2.36842 5.21053 6.77874e-09 7.04909e-08 7.04908e-08 1
2.36842 5.78947 6.7797e-09 7.04978e-08 7.04977e-08 1
2.36842 6.36842 6.78084e-09 7.0508e-08 7.05067e-08 1
2.36842 6.94737 6.79253e-09 7.05881e-08 7.05404e-08 1
2.36842 7.52632 7.15741e-09 7.31462e-08 7.14839e-08 1
2.36842 8.10526 2.34064e-08 1.52672e-07 9.69181e-08 1
2.36842 8.68421 5.01551e-06 3.00229e-06 1.0532e-06 0.999991
2.36842 9.26316 0.00303232 0.00056671 0.000357583 0.996044
2.36842 9.84211 0.159308 0.401842 0.378265 0.0605838
2.36842 10.4211 0.559146 0.277996 0.146019 0.0168225
2.36842 11 0.277781 0.32657 0.393705 0.00194332
2.63158 0 8.34426e-10 5.52267e-09 5.52267e-09 1
2.63158 0.578947 2.60442e-09 2.94308e-08 2.94308e-08 1
2.63158 1.15789 4.80086e-09 4.99298e-08 4.99298e-08 1
2.63158 1.73684 6.33462e-09 6.48453e-08 6.48453e-08 1
2.63158 2.31579 6.85335e-09 7.06612e-08 7.06612e-08 1
2.63158 2.89474 6.89479e-09 7.15229e-08 7.15229e-08 1
2.63158 3.47368 6.83951e-09 7.10949e-08 7.10949e-08 1
2.63158 4.05263 6.8018e-09 7.07168e-08 7.07168e-08 1
2.63158 4.63158 6.78835e-09 7.05643e-08 7.05643e-08 1
2.63158 5.21053 6.78634e-09 7.05346e-08 7.05346e-08 1
2.63158 5.78947 6.7873e-09 7.05415e-08 7.05415e-08 1
2.63158 6.36842 6.78844e-09 7.05518e-08 7.05505e-08 1
2.63158 6.94737 6.80015e-09 7.0632e-08 7.05841e-08 1
2.63158 7.52632 7.16547e-09 7.31936e-08 7.1526e-08 1
2.63158 8.10526 2.34273e-08 1.52835e-07 9.69107e-08 1
2.63158 8.68421 5.01403e-06 3.00631e-06 1.05124e-06 0.999991
2.63158 9.26316 0.00303077 0.000566962 0.000356711 0.996046
2.63158 9.84211 0.159891 0.402178 0.377144 0.0607877
2.63158 10.4211 0.560565 0.277731 0.144881 0.0168071
2.63158 11 0.283663 0.327075 0.387284 0.00197504
2.89474 0 8.34353e-10 5.52064e-09 5.52064e-09 1
2.89474 0.578947 2.60405e-09 2.94167e-08 2.94167e-08 1
2.89474 1.15789 4.80016e-09 4.9906e-08 4.9906e-08 1
2.89474 1.73684 6.3337e-09 6.48144e-08 6.48144e-08 1
2.89474 2.31579 6.85234e-09 7.06274e-08 7.06274e-08 1
2.89474 2.89474 6.89377e-09 7.14885e-08 7.14885e-08 1
2.89474 3.47368 6.83849e-09 7.10607e-08 7.10607e-08 1
2.89474 4.05263 6.80079e-09 7.06828e-08 7.06827e-08 1
2.89474 4.63158 6.78734e-09 7.05303e-08 7.05303e-08 1
2.89474 5.21053 6.78533e-09 7.05007e-08 7.05006e-08 1
2.89474 5.78947 6.78629e-09 7.05076e-08 7.05075e-08 1
2.89474 6.36842 6.78743e-09 7.05179e-08 7.05165e-08 1
2.89474 6.94737 6.79913e-09 7.05981e-08 7.05501e-08 1
2.89474 7.52632 7.16436e-09 7.31597e-08 7.14906e-08 1
2.89474 8.10526 2.34165e-08 1.52802e-07 9.68346e-08 0.999999
2.89474 8.68421 5.00728e-06 3.00574e-06 1.04936e-06 0.999991
2.89474 9.26316 0.00302592 0.000566537 0.000355816 0.996052
2.89474 9.84211 0.160332 0.402315 0.376336 0.0610178
2.89474 10.4211 0.562866 0.277042 0.143162 0.0169227
2.89474 11 0.288937 0.327288 0.381745 0.00202376
3.15789 0 8.33397e-10 5.51211e-09 5.51211e-09 1
3.15789 0.578947 2.60019e-09 2.93597e-08 2.93597e-08 1
3.15789 1.15789 4.79315e-09 4.981e-08 4.98099e-08 1
3.15789 1.73684 6.32447e-09 6.46897e-08 6.46897e-08 1
3.15789 2.31579 6.8423e-09 7.0491e-08 7.0491e-08 1
3.15789 2.89474 6.88363e-09 7.13501e-08 7.13501e-08 1
3.15789 3.47368 6.82842e-09 7.0923e-08 7.0923e-08 1
3.15789 4.05263 6.79077e-09 7.05458e-08 7.05458e-08 1
3.15789 4.63158 6.77734e-09 7.03936e-08 7.03936e-08 1
3.15789 5.21053 6.77533e-09 7.0364e-08 7.0364e-08 1
3.15789 5.78947 6.77629e-09 7.0371e-08 7.03709e-08 1
3.15789 6.36842 6.77743e-09 7.03812e-08 7.03799e-08 1
3.15789 6.94737 6.78912e-09 7.04613e-08 7.04134e-08 1
3.15789 7.52632 7.15378e-09 7.30189e-08 7.13524e-08 1
3.15789 8.10526 2.33779e-08 1.52534e-07 9.66555e-08 0.999999
3.15789 8.68421 4.99757e-06 3.00058e-06 1.04751e-06 0.999991
3.15789 9.26316 0.00301954 0.000565631 0.000355064 0.99606
3.15789 9.84211 0.160576 0.402284 0.375923 0.0612171
3.15789 10.4211 0.564915 0.276322 0.141674 0.0170916
3.15789 11 0.291839 0.327242 0.378844 0.00206831
3.42105 0 8.30941e-10 5.49111e-09 5.49111e-09 1
3.42105 0.578947 2.59051e-09 2.92215e-08 2.92215e-08 1
3.42105 1.15789 4.77557e-09 4.95779e-08 4.95779e-08 1
3.42105 1.73684 6.30134e-09 6.43886e-08 6.43886e-08 1
3.42105 2.31579 6.81717e-09 7.01619e-08 7.01619e-08 1
3.42105 2.89474 6.85825e-09 7.10162e-08 7.10162e-08 1
3.42105 3.47368 6.80321e-09 7.05908e-08 7.05908e-08 1
3.42105 4.05263 6.7657e-09 7.02153e-08 7.02153e-08 1
3.42105 4.63158 6.75232e-09 7.00639e-08 7.00639e-08 1
3.42105 5.21053 6.75032e-09 7.00344e-08 7.00344e-08 1
3.42105 5.78947 6.75128e-09 7.00414e-08 7.00413e-08 1
3.42105 6.36842 6.75241e-09 7.00515e-08 7.00502e-08 1
3.42105 6.94737 6.76406e-09 7.01312e-08 7.00836e-08 1
3.42105 7.52632 7.12753e-09 7.26783e-08 7.10197e-08 1
3.42105 8.10526 2.33029e-08 1.51869e-07 9.6254e-08 1
3.42105 8.68421 4.98624e-06 2.989e-06 1.04499e-06 0.999991
3.42105 9.26316 0.00301342 0.000564293 0.000354486 0.996068
3.42105 9.84211 0.160694 0.402116 0.375834 0.0613566
3.42105 10.4211 0.565976 0.275865 0.140943 0.0172251
3.42105 11 0.292074 0.32705 0.378778 0.00209292
3.68421 0 8.25392e-10 5.44335e-09 5.44335e-09 1
3.68421 0.578947 2.56935e-09 2.89195e-08 2.89195e-08 1
3.68421 1.15789 4.73713e-09 4.90704e-08 4.90704e-08 1
3.68421 1.73684 6.25078e-09 6.37303e-08 6.37303e-08 1
3.68421 2.31579 6.76225e-09 6.94428e-08 6.94427e-08 1
3.68421 2.89474 6.80284e-09 7.02871e-08 7.02871e-08 1
3.68421 3.47368 6.74818e-09 6.98655e-08 6.98655e-08 1
3.68421 4.05263 6.71096e-09 6.94938e-08 6.94938e-08 1
3.68421 4.63158 6.69769e-09 6.93439e-08 6.93439e-08 1
3.68421 5.21053 6.69571e-09 6.93148e-08 6.93148e-08 1
3.68421 5.78947 6.69666e-09 6.93217e-08 6.93216e-08 1
3.68421 6.36842 6.69778e-09 6.93317e-08 6.93304e-08 0.999999
3.68421 6.94737 6.70936e-09 6.94107e-08 6.93636e-08 1
3.68421 7.52632 7.07044e-09 7.19342e-08 7.02928e-08 0.999999
3.68421 8.10526 2.31559e-08 1.50412e-07 9.5363e-08 0.999999
3.68421 8.68421 4.96992e-06 2.96496e-06 1.03988e-06 0.999993
3.68421 9.26316 0.00300813 0.000562278 0.000353927 0.996076
3.68421 9.84211 0.160924 0.401825 0.375802 0.0614494
3.68421 10.4211 0.565582 0.275879 0.141307 0.0172439
3.68421 11 0.290327 0.326832 0.380748 0.00209029
3.94737 0 8.13552e-10 5.34074e-09 5.34074e-09 1
3.94737 0.578947 2.52605e-09 2.83082e-08 2.83082e-08 1
3.94737 1.15789 4.65829e-09 4.80403e-08 4.80403e-08 1
3.94737 1.73684 6.14705e-09 6.23938e-08 6.23938e-08 1
3.94737 2.31579 6.64969e-09 6.79842e-08 6.79842e-08 1
3.94737 2.89474 6.68933e-09 6.8809e-08 6.8809e-08 1
3.94737 3.47368 6.63548e-09 6.83957e-08 6.83957e-08 1
3.94737 4.05263 6.59886e-09 6.80317e-08 6.80317e-08 1
3.94737 4.63158 6.58583e-09 6.7885e-08 6.7885e-08 1
3.94737 5.21053 6.58389e-09 6.78566e-08 6.78566e-08 1
3.94737 5.78947 6.58481e-09 6.78632e-08 6.78632e-08 0.999999
3.94737 6.36842 6.58593e-09 6.78731e-08 6.78718e-08 1
3.94737 6.94737 6.59734e-09 6.79506e-08 6.79044e-08 1
3.94737 7.52632 6.95348e-09 7.04246e-08 6.88179e-08 0.999999
3.94737 8.10526 2.285e-08 1.47409e-07 9.34978e-08 0.999999
3.94737 8.68421 4.93233e-06 2.91545e-06 1.02818e-06 0.99999
3.94737 9.26316 0.00299843 0.00055886 0.000353016 0.99609
3.94737 9.84211 0.161674 0.401363 0.375373 0.0615899
3.94737 10.4211 0.563143 0.276567 0.143178 0.0171186
3.94737 11 0.287352 0.326687 0.3839 0.0020629
4.21053 0 7.89751e-10 5.13595e-09 5.13595e-09 1
4.21053 0.578947 2.44331e-09 2.71724e-08 2.71724e-08 1
4.21053 1.15789 4.50719e-09 4.61171e-08 4.61171e-08 1
4.21053 1.73684 5.94811e-09 5.98968e-08 5.98968e-08 1
4.21053 2.31579 6.43403e-09 6.52615e-08 6.52615e-08 1
4.21053 2.89474 6.47202e-09 6.6052e-08 6.6052e-08 1
4.21053 3.47368 6.41979e-09 6.56547e-08 6.56547e-08 1
4.21053 4.05263 6.38434e-09 6.53052e-08 6.53051e-08 1
4.21053 4.63158 6.37174e-09 6.51644e-08 6.51644e-08 1
4.21053 5.21053 6.36986e-09 6.51371e-08 6.51371e-08 1
4.21053 5.78947 6.37076e-09 6.51434e-08 6.51434e-08 0.999999
4.21053 6.36842 6.37185e-09 6.51531e-08 6.51518e-08 1
4.21053 6.94737 6.3829e-09 6.52274e-08 6.51831e-08 0.999998
4.21053 7.52632 6.72894e-09 6.76065e-08 6.60643e-08 1
4.21053 8.10526 2.22136e-08 1.41682e-07 8.99149e-08 1
4.21053 8.68421 4.83156e-06 2.81752e-06 1.00242e-06 0.999989
4.21053 9.26316 0.00296139 0.000551966 0.000350761 0.996136
4.21053 9.84211 0.163249 0.400514 0.374144 0.0620943
4.21053 10.4211 0.558047 0.278047 0.146914 0.0169874
4.21053 11 0.283662 0.326691 0.387619 0.00203271
4.47368 0 7.45243e-10 4.76054e-09 4.76054e-09 1
4.47368 0.578947 2.29818e-09 2.52126e-08 2.52126e-08 1
4.47368 1.15789 4.24071e-09 4.27815e-08 4.27815e-08 1
4.47368 1.73684 5.59686e-09 5.55629e-08 5.55629e-08 1
4.47368 2.31579 6.05371e-09 6.05399e-08 6.05399e-08 1
4.47368 2.89474 6.08912e-09 6.12734e-08 6.12734e-08 1
4.47368 3.47368 6.03987e-09 6.09049e-08 6.09049e-08 1
4.47368 4.05263 6.0065e-09 6.05805e-08 6.05805e-08 1
4.47368 4.63158 5.99464e-09 6.04499e-08 6.04499e-08 1
4.47368 5.21053 5.99288e-09 6.04245e-08 6.04245e-08 0.999999
4.47368 5.78947 5.99374e-09 6.04305e-08 6.04304e-08 1
4.47368 6.36842 5.99477e-09 6.04394e-08 6.04383e-08 1
4.47368 6.94737 6.00518e-09 6.05084e-08 6.04673e-08 0.999997
4.47368 7.52632 6.33194e-09 6.27193e-08 6.1289e-08 1
4.47368 8.10526 2.09844e-08 1.31573e-07 8.35558e-08 0.999999
4.47368 8.68421 4.59354e-06 2.63213e-06 9.46531e-07 0.999991
4.47368 9.26316 0.00283952 0.000533918 0.000342618 0.996283
4.47368 9.84211 0.164747 0.398752 0.372554 0.0639491
4.47368 10.4211 0.551453 0.279798 0.151332 0.0173996
4.47368 11 0.280192 0.326973 0.390772 0.00206596
4.73684 0 6.70645e-10 4.14362e-09 4.14362e-09 1
4.73684 0.578947 2.07376e-09 2.20669e-08 2.20669e-08 1
4.73684 1.15789 3.82502e-09 3.74158e-08 3.74158e-08 1
4.73684 1.73684 5.0479e-09 4.85901e-08 4.85901e-08 1
4.73684 2.31579 5.46013e-09 5.29454e-08 5.29454e-08 1
4.73684 2.89474 5.4922e-09 5.3589e-08 5.3589e-08 1
4.73684 3.47368 5.44781e-09 5.32674e-08 5.32673e-08 1
4.73684 4.05263 5.41771e-09 5.29837e-08 5.29837e-08 1
4.73684 4.63158 5.407e-09 5.28693e-08 5.28693e-08 0.999999
4.73684 5.21053 5.40541e-09 5.2847e-08 5.2847e-08 0.999999
4.73684 5.78947 5.40621e-09 5.28525e-08 5.28525e-08 1
4.73684 6.36842 5.40709e-09 5.28599e-08 5.2859e-08 1
4.73684 6.94737 5.41653e-09 5.29205e-08 5.28845e-08 1
4.73684 7.52632 5.71173e-09 5.48607e-08 5.36071e-08 1
4.73684 8.10526 1.90204e-08 1.15255e-07 7.31808e-08 0.999995
4.73684 8.68421 4.218e-06 2.30632e-06 8.29713e-07 0.999994
4.73684 9.26316 0.00256147 0.000482338 0.000311479 0.996642
4.73684 9.84211 0.162518 0.395078 0.372287 0.0701193
4.73684 10.4211 0.549029 0.28032 0.150985 0.0196399
4.73684 11 0.278797 0.328017 0.390885 0.00229711
5 0 9.17817e-10 6.27248e-09 6.27248e-09 1
5 0.578947 2.82121e-09 3.26732e-08 3.26732e-08 1
5 1.15789 5.20189e-09 5.54804e-08 5.54804e-08 1
5 1.73684 6.86388e-09 7.20563e-08 7.20563e-08 1
5 2.31579 7.42335e-09 7.849e-08 7.849e-08 1
5 2.89474 7.46636e-09 7.94271e-08 7.94271e-08 1
5 3.47368 7.40577e-09 7.89443e-08 7.89443e-08 1
5 4.05263 7.36478e-09 7.8523e-08 7.8523e-08 1
5 4.63158 7.35021e-09 7.83536e-08 7.83535e-08 0.999997
5 5.21053 7.34808e-09 7.83209e-08 7.83209e-08 1
5 5.78947 7.34917e-09 7.83296e-08 7.83296e-08 1
5 6.36842 7.3503e-09 7.83398e-08 7.83383e-08 0.99999
5 6.94737 7.3632e-09 7.84294e-08 7.83764e-08 1.00001
5 7.52632 7.76333e-09 8.12897e-08 7.9444e-08 0.999998
5 8.10526 2.56166e-08 1.7031e-07 1.08348e-07 1
5 8.68421 5.53315e-06 3.37858e-06 1.20578e-06 1
5 9.26316 0.00341386 0.000624269 0.000389167 0.995572
5 9.84211 0.172843 0.403922 0.365579 0.0576588
5 10.4211 0.557945 0.277837 0.150041 0.0141427
5 11 0.300876 0.325995 0.371357 0.00176843
7137 0.00176847
0017685
0.326009 0.371397 0.00176854
4
371467 0.00176871
 0.149796 0.0141633
5 11 0.300704 0.326042 0.371481 0.00176875
8
176897

277653 0.149355 0.0142018
5 11 0.30038 0.326146 0.3717 0.00176918
7 0.0017692
081
5 11 0.300327 0.326165 0.371735 0.00176923
5
5 10.4211 0.558869 0.277627 0.14925 0.0142113
5 11 0.300299 0.326174 0.371753 0.00176925
8783 0.0142549
5 11 0.299919 0.326316 0.371989 0.00176947
76948
49
9
5 11 0.299647 0.326425 0.372153 0.00176955
.000624216 0.000388905 0.99563
5 9.84211 0.172709 0.404013 0.365586 0.0576763
5 10.4211 0.559786 0.277448 0.148425 0.0142907
5 11 0.299604 0.326443 0.372179 0.00176955
.326554 0.372343 0.00176959
2
5 9.84211 0.172629 0.404053 0.365633 0.0576757
5 10.4211 0.560397 0.27733 0.147853 0.0143503
5 11 0.299065 0.326665 0.372505 0.00176961
.560452 0.277316 0.147795 0.0143568
5 11 0.299009 0.326689 0.37254 0.00176965

5 11 0.298763 0.326779 0.37268 0.00176975
9 0.372976 0.00177034

5 10.4211 0.561254 0.277133 0.147046 0.0144468
5 11 0.2982 0.326988 0.373027 0.00177044
995679
5 9.84211 0.172479 0.404122 0.365678 0.057682
5 10.4211 0.561344 0.277117 0.146981 0.0144548
5 11 0.298122 0.327016 0.373078 0.00177049
88299 0.334583 0.375525 0.00178375
6133 0.336239 0.37586 0.00178896
5746 0.336547 0.375923 0.0017901
017915
1
211 0.574269 0.279242 0.131749 0.0163144
5 11 0.283285 0.338667 0.376373 0.00179822
.574999 0.279319 0.128428 0.0166943
5 11 0.280489 0.341168 0.376872 0.00180974
274322 0.346483 0.377449 0.00183744
8993 0.351465 0.37817 0.00187686
90756
44 0.377459 0.00192425
.377639 0.00192372
80333 0.00198971
 0.00200326
1349 0.091102 0.0222867
5 11 0.252854 0.363688 0.37709 0.00202989
00117805
255608 0.365065 0.383276 0.00102445
159416 0.000416118
5 2.31579 0.00182642 0.00182662 0.00182662 0.000416692
5 2.89474 0.00190699 0.0019071 0.0019071 0.000417072
5 3.47368 0.0019293 0.00192936 0.00192936 0.000417297
5 4.05263 0.00193447 0.0019345 0.0019345 0.000417418
5 4.63158 0.00193549 0.00193552 0.00193552 0.000417476
5 5.21053 0.00193567 0.00193569 0.00193569 0.000417503
5 5.78947 0.0019357 0.00193572 0.00193572 0.000417514
5 6.36842 0.0019357 0.00193572 0.00193572 0.000417518
5 6.94737 0.0019357 0.00193572 0.00193572 0.000417519
5 7.52632 0.00193569 0.00193572 0.00193572 0.000417515
5 8.10526 0.00193551 0.0019357 0.0019357 0.000417494
5 8.68421 0.00193339 0.00193535 0.00193535 0.000417418
5 9.26316 0.00191402 0.00193067 0.00193067 0.00041691
5 9.84211 0.00178706 0.00187744 0.00187749 0.000406582
5 10.4211 0.00180438 0.000980866 0.000980821 0.00039556
5 11 0.000511349 0.000627741 0.000627808 6.88939e-07
27
5 2.89474 0.000502946 0.000502982 0.000502982 0.000395303
5 3.47368 0.000509016 0.000509049 0.000509049 0.000395322
5 4.05263 0.000510442 0.000510473 0.000510473 0.000395333
5 4.63158 0.000510731 0.000510761 0.000510761 0.000395338
5 5.21053 0.000510782 0.000510812 0.000510812 0.00039534
5 5.78947 0.000510791 0.00051082 0.00051082 0.000395341
5 6.36842 0.000510792 0.000510822 0.000510822 0.000395342
5 6.94737 0.000510792 0.000510822 0.000510822 0.000395342
5 7.52632 0.000510789 0.000510821 0.000510821 0.000395341
5 8.10526 0.000510741 0.000510816 0.000510816 0.000395339
5 8.68421 0.000510177 0.000510724 0.000510724 0.000395333
5 9.26316 0.000505034 0.000509514 0.000509515 0.000395078
5 9.84211 0.000471361 0.000495747 0.000495751 0.000385898
5 10.4211 0.000478063 0.000258008 0.000258004 0.000376847
5 11 0.000133786 0.000164932 0.000164938 5.89764e-08
73899 0.000147386 0.000147386 0.000369557
5 11 7.62509e-05 9.41555e-05 9.41555e-05 2.10137e-08
